00049480
00053725
00055038
00065688
00083926
00085149
00101871
00115107
00187482
00250096
00487512
00498870
00512391
00515058
00515732
00798887
00799709
00944873
00982898
01022438
01025849
01033499
01045965
01118431
01119181
01122713
01127782
01135456
01149914
01154482
01186124
01187332
01210654
01225784
01240528
01265372
01306446
01315371
01317939
01318063
01319303
01324595
01333975
01342473
01343692
01504180
01544601
01551536
01770964
01772663
01783350
01802881
01843103
01844751
01848906
01855659
01861624
01869237
01872623
01981189
01989882
02016672
02045697
02150957
02172367
02267049
02292211
02297332
02298284
02299521
02410074
02412375
02420319
02429301
02430792
02434976
02438248
02536429
02538080
02538682
02538704
02549517
02554665
02558284
02623518
02634223
02674540
02691393
02695595
02720378
02757063
02757541
02759583
02772476
02773728
02789094
02792065
02811381
02859905
02867045
02875039
02876116
02876537
02896658
03113864
03218331
03237321
03329019
03329510
03356415
03363525
03369401
03378173
03652531
03670980
03686338
03701420
03896702
03900018
04081214
04311554
04404163
04405371
04407022
04407509
04415321
04417729
04419897
04424875
04427022
04428113
04429492
04429854
04430694
04430927
04431822
04433210
04434406
04434815
04437156
04438525
04439718
04620892
04624152
04630597
04640385
04642733
04643019
04643943
04646819
04648042
04649099
04649917
04721831
04724114
04724177
04733096
04734181
04742578
04744931
04749004
04815251
04822982
04823569
04824993
04825981
05070199
05208199
05226278
05257549
05263160
05267870
05285390
05285678
05296749
05299688
05301206
05329328
05333034
05347982
05350249
05357364
05361993
05370183
05374816
05375208
05377399
05380830
05385361
05395860
05403863
05405958
05410935
05411324
05413023
05416780
05626325
05700464
05714295
05714714
05715228
05787903
05788031
05846371
05850653
05923375
06037970
06041120
06098405
06234553
06251752
06269712
06283851
06416593
06527123
06546464
06554662
06575454
06585998
06630136
06652167
06663832
06664147
06673902
06759504
06773665
06796604
06800397
06808708
06846780
06873908
06903344
06924191
06929663
07050604
07086838
07090902
07100246
07111579
07117100
07130759
07145355
07152510
07178763
07203928
07215766
07233739
07244640
07262622
07268949
07341477
07443545
07448171
07472017
07487893
07493327
07507056
07517142
07519223
07542935
07573213
07579476
07602083
07603345
07627751
07627768
07628097
07640099
07750124
07752417
07753366
07753593
07757228
07785973
07791678
07826487
07835657
07874421
07876133
07883267
07966724
07998333
08052198
08077024
08087017
08087666
08094435
08104597
08119363
08125407
08128378
08132413
08138193
08140917
08148402
08158550
08178164
08178460
08221274
08236164
08334177
08357926
08376096
08416655
08432202
08445213
08493631
08521951
08582155
08585554
08607187
08607762
08617636
08666939
08685979
08751013
08783146
08813095
08871766
08886677
08897818
08903472
08907237
08927502
08933858
08935089
08937186
08938675
08945647
08978535
09020937
09023155
09031164
09044126
09052903
09069367
09128085
09132470
09143855
09184432
09220646
09249785
09257735
09281975
09315046
09327149
09363229
09407425
09415369
09416217
09420964
09436538
09440654
09469110
09475116
09480333
09481721
09482406
09483591
09490245
09498032
09499197
09499815
09500626
09520650
09525937
09531659
09531719
09534645
09558812
09565031
09574631
09579962
09608534
09609537
09630996
09635577
09642809
09654339
09686739
09689429
09699653
09709492
09715378
09721027
09745719
09772850
09778481
09782480
09782636
09791777
09805010
09810226
09810597
09843328
09857622
09867023
09870003
09880726
09881148
09881775
09917613
09921507
09942657
09979464
09980986
10015116
10017726
10034295
10055292
10059726
10080063
10080686
10080688
10096975
10100283
10104907
10128508
10129978
10146629
10161853
10163189
10177524
10192795
10208548
10210434
10224348
10226219
10226662
10229745
10277218
10277919
10278004
10285841
10317757
10323735
10351650
10360053
10383247
10388222
10430326
10440700
10445235
10461838
10464852
10467803
10482495
10483065
10484178
10486386
10488136
10492319
10495996
10497703
10497890
10512957
10545384
10548022
10558613
10582715
10607496
10646136
10664956
10675931
10725748
10728154
10731172
10749677
10754050
10754391
10761699
10776374
10876707
15205835
15282982
15283021
15283310
15287688
15287842
15391041
15422835
15440339
15581440
15640653
15698017
15709233
15742781
15746669
15748891
15750454
15752864
15953392
15967797
15968629
15969314
15969496
15970780
15971397
15971601
15976900
15978030
15979499
15980897
15983742
15990257
15991410
15991809
15994600
15998883
16001671
16002786
16006122
16007492
16007865
16010194
16016802
16019769
16020397
16021687
16023725
16162719
16292077
16414592
16419408
16425382
16441450
16448486
16468896
16488587
16501446
16505424
16539763
16544130
16570131
16573387
16575860
16577037
16583299
16583378
16586962
16601813
16605751
16612070
16613188
16613323
16613686
16627317
16632809
16634496
16650721
16670057
16678325
16679819
16696966
16697029
16699600
16707173
16713946
16715271
16716439
16718528
16729272
16729782
16729951
16739569
16746760
16748333
16748702
16751296
16754185
16765964
16765989
16768320
16773005
16781270
16786426
16787772
16787780
16800366
17441336
17451562
17452762
17522236
17526240
17528212
17546257
17547211
17548358
17549522
17583881
17597247
17614024
17614729
17616131
17629365
17632981
17637316
17821358
17849223
17866714
18061237
18074398
18084144
18090609
18114284
18114715
18115714
18116730
18128026
18133689
18138855
18151452
18216878
18222954
18842957
18879197
18900651
19041490
19059890
19061356
19061635
19091962
19182953
19185972
19187176
19259018
19259160
19260358
19324147
19414303
19431037
19697114
19703919
19812385
19825315
19834310
19883460
19883559
19897058
19898699
19940177
19943701
19955335
19961169
19969544
19977272
20020286
20033380
20042361
20048913
20080362
20090981
20093209
20093280
20106204
20424121
20424624
20432712
20432919
20433895
20434633
20437371
20440791
20554060
20555468
20555573
20559414
20560026
20563293
20567213
20577580
20593287
20595604
20596022
20740170
20741302
20966602
21010108
21012013
21137125
21145166
21263517
21263989
21274414
21402919
21448708
21451854
21453615
21463977
21476111
21478525
21481109
21483471
21501788
21517758
21524485
21535520
21535992
21536163
21539789
21539829
21542528
21542890
21545634
21550909
21551284
21552297
21554903
21558323
21558564
21559061
21565722
21566970
21811795
21823981
21824927
21848832
21870976
21875038
21875263
21884424
21887586
22071847
22081206
22090527
22093359
22097870
22099863
22101435
22103916
22185410
22185584
22186028
22186882
22190268
22196412
22278222
22316018
22319228
22404916
22461946
22486816
22491363
22505014
22506211
22509791
22510949
22513887
22518356
22519346
22521172
22521739
22649236
22665083
22666599
22742276
22752262
22869226
22878325
22973473
22993027
23010783
23012319
23017616
23156328
23161131
23254295
23265613
23277764
23526741
23535282
23535411
23535446
23537089
23537170
23544020
23824400
23828112
23828441
23831618
23836311
23839382
23844099
23850926
23853785
23856545
23859825
23863548
23893279
23906278
23913085
23916131
23916859
23920098
23920390
23926422
23933784
23936840
23943529
23944807
23952486
23954398
23955448
23958611
23961405
23965438
23965998
23967344
23975992
23976712
23978946
23982113
23989781
23991227
23992367
23992864
23995604
23996340
24000113
24001879
24002074
24002500
24002652
24004287
24006581
24285090
24293380
24293709
24300434
24300680
24368459
24369920
24378190
24378248
24379185
24382729
24383462
24385213
24385873
24387213
24389546
24390456
24390626
24460222
24460647
24461854
24463871
24468466
24468470
24468507
24470575
24470765
24471545
24476486
24481196
24482660
24485889
24486672
24486810
24488584
24496093
24564201
24565504
24565895
24568191
24570671
24578805
24580089
24580981
24582600
24583333
24664229
24674575
24677488
24695742
24696808
24701185
24703076
24706885
24707518
24708686
24710884
24715632
24716666
24717112
24717244
24720489
24785589
24790710
24791120
24791149
24803174
24803309
24803360
24804519
24807103
24807477
24808065
24808461
24809815
24810813
24811972
24813438
24813478
24813566
24869499
24876610
24887991
24993987
24998648
25001526
25002666
25010479
25122159
25131296
25134013
25134684
25137311
25140719
25199290
25214306
25220070
25301405
25301901
25302636
25304955
25305016
25309822
25310061
25310530
25310538
25310723
25314692
25314847
25319535
25319556
25320990
25321220
25323222
25327045
25327061
25327081
25327290
25328620
25328744
25328798
25416803
25448828
25508887
25510812
25519735
25540560
25561282
25566407
25607647
25626866
25628370
25650775
25672566
25675054
25683689
25726660
25728542
25737931
25769274
25790878
25810011
25829777
25832528
25837761
25844700
26613382
26662991
26663086
26683705
26683834
26701262
26708378
26716743
26722991
27166633
27243064
27253406
27407217
27708750
27737913
27739253
27985610
27993088
28105343
28124597
28309554
28806335
28850131
28851769
29087164
29217577
29227255
29266857
29272320
29274395
29284757
29287993
29305440
29305613
29308206
29324105
29324934
29325159
29327223
29328620
29334798
29335110
29335580
29343769
29347883
29350331
29351728
29362449
29362543
29400864
29409411
29413454
29415609
29423098
29424347
29425252
29446410
29481386
29512067
29514437
29527101
29529040
29533111
29533322
29540388
29541294
29548305
29549748
29551961
29555454
29559960
29562418
29565028
29565234
29566707
29566846
29568054
29569449
29570958
29572130
29573541
29577866
29582472
29590910
29604931
29616030
29623138
29625188
29640152
29643618
29643778
29644628
29644809
29656097
29660138
29660185
29662983
29669197
29671360
29676954
29677126
29678798
29681383
29682786
29685329
29692515
29693741
29704039
29705969
29706926
29711781
29718345
29721245
29722177
29723310
29723848
29723866
29724131
29725023
29725106
29726462
29734521
29734813
29737683
30404047
30429789
30429816
30486339
30487896
30487997
30488242
30488306
30507153
30564119
30645747
30655688
30655885
30655993
30667640
30668122
30668229
30669640
30669791
30670205
30670358
30675484
30833767
30835863
30839153
30843497
30843940
30848241
30852993
31010797
31011342
31011897
31012880
31031439
31033759
31036353
31040058
31041568
31178155
31184819
31186912
31306378
31461083
31476421
31478296
31478394
31641975
31644889
31645680
31667220
31675995
31675996
31680060
32041276
32105036
32109240
32109935
32111354
32111461
32128446
32128461
32128655
32129671
32138549
32291900
32402664
32404407
32740565
32787821
32796345
32875076
32899402
32899708
32947326
32973790
32989453
33242621
33254002
33343943
33425931
33430395
33581556
33581681
33596779
33721059
33768946
40002171
40003924
40004099
40004383
40033209
40044222
40050547
40052078
40055418
40056909
40061747
40064014
40072368
40072438
40077847
40098009
40101729
40108253
40110398
40114419
40120652
40126815
40136880
40142589
40145514
40155444
40160841
40162618
40164664
40165340
40176383
40185680
40191141
40197365
40204901
40207735
40213004
40221035
40221073
40232063
40233789
40237163
40243378
40248732
40259523
40264272
40281668
40299930
40300890
40302991
40303543
40304890
40325678
40326914
40337696
40337852
40357590
40380951
40381307
40382138
40383281
40385698
40389663
40396167
40406517
40409757
40409987
40411108
40411818
40414796
40416731
40454556
40456206
40459216
40466529
40468046
40500541
40518648
40528031
40543111
40543725
40555552
40558929
40567177
40587243
40588655
40593368
40593942
40594273
40595880
40598275
40618214
40622692
40625255
40628475
40629498
40633688
40653688
40663750
40676301
40686153
40689587
40691440
40694541
40705315
40713295
40724420
40728278
40743310
40743391
40748098
40752484
40779126
40783145
40789607
40792552
40793367
40803048
40805044
40808543
40812215
40812910
40815042
40829052
40834822
40840573
40860655
40874304
40898318
40905497
40908955
40912455
40913743
40915008
40929240
40932669
40934494
40940662
40948039
40956600
40977564
40980091
40987126
40987887
40997853
41005545
41005615
41012344
41012605
41017193
41048008
41051303
41052084
41064524
41066037
41067844
41082193
41084870
41085664
41095130
41099423
41099883
41109034
41112966
41125476
41129846
41135395
41146351
41148674
41152531
41158764
41160675
41164872
41165496
41171165
41171994
41177252
41178063
41188186
41198746
41202563
41202847
41205164
41219054
41221397
41222337
41233539
41235239
41245883
41248387
41254814
41268484
41270942
41271412
41275155
41280554
41286000
41300908
41307865
41313052
41321152
41324976
41327928
41327972
41339540
41351965
41355382
41357841
41359221
41369116
41369146
41369299
41375692
41382263
41386171
41388877
41392223
41396120
41400205
41402780
41405264
41413009
41418949
41422860
41426744
41430289
41433950
41434274
41438903
41451617
41451782
41454713
41457168
41460194
41465163
41466197
41469153
41474481
41476125
41490075
41512867
41513652
41516166
41519045
41519135
41536426
41539886
41555657
41566104
41570582
41570611
41582891
41584515
41596536
41596875
41599262
41600830
41620132
41638578
41655115
41667256
41668088
41669862
41672419
41675046
41684400
41686964
41697282
41713949
41715073
41724108
41724199
41725676
41730314
41755769
41762138
41772077
41784383
41785650
41791579
41800419
41809649
41809779
41813136
41823325
41824489
41832886
41837035
41855424
41858450
41858461
41879186
41883668
41884378
41918460
41933771
41937598
41948237
41955383
41963306
41964212
41978568
41988385
42002797
42012554
42017474
42017695
42024386
42039033
42051798
42052497
42053033
42056331
42056783
42063349
42066252
42069813
42078250
42092596
42093825
42097652
42117322
42121521
42139295
42145653
42148514
42162585
42165661
42165970
42168923
42172537
42173187
42174910
42177280
42185021
42188439
42197309
42212690
42214904
42231093
42235567
42248270
42258748
42270047
42289615
42289882
42289991
42300938
42300942
42311763
42317323
42317835
42324342
42328527
42336417
42373370
42405844
42412981
42418416
42418646
42447016
42453122
42456619
42460220
42464053
42470507
42475839
42480601
42481419
42483948
42484800
42487190
42488352
42494433
42497669
42501406
42503772
42515070
42516460
42519137
42536467
42558625
42559747
42562164
42563225
42575798
42576237
42598965
42604572
42606809
42610745
42615108
42616011
42616111
42616803
42617879
42618258
42628996
42636560
42642970
42644508
42663137
42668014
42671383
42679164
42682557
42686706
42687741
42691125
42703648
42713214
42714290
42715424
42731062
42739567
42747003
42750878
42751216
42756400
42766251
42778598
42783015
42786482
42793449
42796076
42801246
42804294
42812759
42818145
42823605
42832603
42846870
42848157
42851038
42851135
42851929
42856076
42860756
42875796
42879673
42880913
42887025
42898946
42900663
42901223
42906273
42906392
42913832
42928871
42932180
42943124
42943336
42961092
42972530
42986435
42991813
43007558
43015897
43018267
43023721
43024385
43031221
43061066
43062293
43076399
43088209
43100828
43107923
43121090
43127194
43129705
43129919
43146795
43152725
43154806
43156153
43157604
43162960
43164553
43165542
43169454
43178042
43179146
43180024
43186923
43188668
43190919
43192270
43195947
43200177
43201085
43202558
43224711
43238141
43242128
43244013
43288510
43292672
43299211
43301470
43313877
43339113
43350121
43362808
43366263
43370095
43372989
43373173
43375817
43380096
43391628
43391757
43394756
43395868
43417753
43426351
43427703
43438594
43443117
43453984
43458160
43461809
43462978
43470227
43472661
43479662
43480814
43492591
43493514
43495541
43502200
43505513
43518678
43536071
43536240
43554076
43555734
43562109
43563643
43571562
43579244
43581924
43583765
43584030
43591875
43592885
43600168
43601600
43602597
43602698
43614679
43616564
43627694
43634609
43645780
43655927
43661878
43665667
43666957
43668693
43673131
43675723
43681955
43683622
43686229
43690168
43709661
43726976
43740367
43742743
43745767
43759226
43763922
43769012
43772912
43773215
43774307
43797136
43835828
43851857
43865264
43871767
43872710
43874432
43884247
43884623
43887826
43903657
43905550
43911923
43918117
43919533
43919910
43926172
43934105
43935717
43944759
43947766
43953044
43958447
43962617
43964308
43965720
43989768
43994234
44001573
44011080
44015532
44024872
44028875
44031148
44050455
44054816
44072062
44077312
44090263
44092863
44095057
44095118
44096179
44098565
44101039
44106775
44115302
44124564
44127779
44133646
44168675
44171711
44173055
44179132
44197071
44198171
44209996
44233514
44234532
44247155
44254844
44265417
44290720
44297685
44304240
44305883
44308835
44315765
44317075
44337524
44352906
44366628
44371940
44386091
44397504
44397921
44406313
44414347
44423679
44436547
44439749
44454001
44457236
44469647
44472798
44474578
44476705
44482122
44483139
44484288
44488317
44507343
44523385
44527587
44535540
44550906
44551621
44554172
44561477
44567475
44568023
44570666
44572068
44593175
44598414
44599736
44599946
44619540
44633727
44635995
44642236
44646869
44647844
44664184
44666929
44674388
44693841
44696389
44719119
44722362
44728703
44747362
44756228
44782296
44803379
44805648
44809529
44809782
44811266
44819705
44827349
44831483
44832725
44840454
44861621
44863397
44864718
44867141
44886864
44891271
44895451
44896381
44925728
44929114
44931741
44934026
44936497
44946370
44951582
44956087
44957932
44960624
44968623
44984511
44993282
45002863
45004923
45025189
45025810
45038047
45043853
45044035
45067426
45070575
45073643
45078734
45079838
45102674
45102985
45107725
45109644
45113149
45116755
45134164
45137392
45137720
45142764
45162214
45171256
45174469
45184567
45205813
45208974
45208979
45210786
45217301
45220822
45229355
45249210
45253350
45253422
45256349
45259895
45276380
45294578
45297942
45307529
45318782
45323144
45326638
45329201
45338136
45344357
45355920
45363806
45364890
45365015
45384431
45385938
45390011
45401501
45424466
45439997
45440789
45445478
45449463
45451230
45451807
45462289
45471268
45474914
45475711
45476668
45514545
45525295
45534995
45535810
45537196
45539193
45557657
45578912
45599520
45614227
45623115
45632993
45633237
45633926
45641160
45653012
45654623
45654776
45657648
45665701
45669474
45671357
45674010
45680745
45683193
45696911
45698081
45702070
45703649
45705732
45711231
45714909
45717401
45719447
45723136
45736422
45738246
45741098
45743214
45750888
45754456
45763295
45766550
45767645
45777783
45779026
45780577
45788710
45821243
45860369
45870268
45872609
45873475
45873593
45874235
45892538
45893612
45896841
45905485
45926573
45929914
45943598
45944123
45947784
45961932
45972236
45983458
45993267
46024671
46029350
46036417
46044001
46052771
46059077
46063868
46068592
46071925
46072280
46079286
46079323
46100461
46101017
46101071
46102993
46103900
46108008
46114117
46124380
46126117
46128766
46149394
46155738
46155845
46156716
46156834
46174594
46175424
46179090
46184783
46186932
46192432
46193524
46193562
46217642
46217889
46223251
46230651
46247824
46251123
46254291
46254440
46277246
46282077
46290968
46300452
46310025
46310519
46325910
46335070
46367430
46371104
46372261
46372298
46411495
46414438
46416649
46422022
46428419
46440444
46444880
46452516
46461219
46465755
46466940
46468456
46470164
46471096
46472682
46500428
46501227
46513411
46515875
46524081
46526055
46528336
46542486
46546322
46547839
46551808
46557985
46563203
46567840
46576705
46578520
46585447
46586241
46605029
46617896
46632453
46632485
46635536
46640860
46653387
46655693
46658975
46672717
46672955
46674312
46678259
46683022
46683550
46685468
46687338
46689052
46690133
46699563
46699955
46713870
46713971
46716873
46746392
46754937
46767811
46769032
46771741
46781112
46785282
46807381
46807578
46823101
46876188
46897118
46903299
46911702
46914816
46920148
46938028
46947006
46951395
46966157
46983492
46991365
46993344
46995331
46995797
47023575
47027932
47045673
47050534
47062728
47070099
47077380
47096173
47125178
47128286
47131426
47149980
47157814
47162504
47165281
47171504
47192694
47203489
47208841
47226983
47236990
47237853
47240407
47242298
47247526
47248314
47252368
47256845
47257764
47278320
47285592
47289410
47301769
47321272
47324926
47327629
47342465
47343617
47356519
47358626
47362517
47371330
47374660
47391299
47393102
47394317
47399640
47400421
47404039
47413962
47418442
47430047
47435707
47440222
47446476
47453553
47481178
47493284
47498645
47499293
47502169
47504586
47506489
47510034
47517404
47536976
47547775
47550320
47562002
47567032
47582303
47591726
47593930
47598644
47604596
47612412
47620195
47620471
47638911
47645805
47646283
47649937
47651966
47652187
47659573
47675826
47688826
47699332
47704628
47709618
47713132
47733029
47734041
47736457
47744994
47746324
47754638
47763890
47784115
47786375
47791938
47793403
47798258
47803358
47806146
47808145
47834458
47843995
47846180
47859981
47860253
47872056
47875187
47884610
47893645
47894982
47913240
47925271
47934686
47938297
47957141
47963383
47967090
47970659
47974561
47977568
47983369
47995354
48000308
48006655
48017943
48021385
48048593
48049221
48057754
48073159
48083542
48097701
48101491
48109067
48114089
48123813
48125756
48128564
48131054
48145419
48146897
48163143
48180347
48189401
48192113
48196617
48205758
48243759
48257441
48267007
48291607
48297753
48301254
48324255
48333284
48349735
48354298
48359227
48380609
48388443
48402139
48403917
48407820
48412691
48415401
48422315
48423216
48439515
48443273
48447317
48463234
48474586
48489093
48493891
48500532
48501766
48508504
48553120
48553432
48567797
48568788
48584670
48590442
48594180
48610318
48620980
48632811
48696108
48701034
48703622
48765324
48778205
48837567
48840326
48859943
48896958
48920073
48923520
48939289
48949498
48960500
48971185
49031950
49091790
49101736
60012190
60016626
60017314
60017329
60020160
60023991
60026683
60048112
60049801
60052534
60058937
60063502
60068898
60070560
60071670
60072455
60072471
60074105
60074627
60075408
60075757
60078685
60095361
60103717
60103812
60111850
60126623
60146177
60178618
60185722
60197239
60222337
60223108
60230624
60231802
60252034
60266598
60274284
60277239
60299753
60313980
60313994
60317787
60319549
60341145
60345369
60352431
60353570
60356476
60360165
60363013
60364440
60379942
60385262
60438753
60446394
60451575
60456586
60459441
60472147
60478609
60482184
60486738
60486780
60497644
60505128
60516624
60518013
60522233
60524435
60534490
60561276
60565071
60566049
60572302
60577906
60586300
60588328
60598853
60600013
60611478
60622090
60633290
60641831
60642803
60654151
60657678
60682086
60735807
60738729
60746049
60774038
60774080
60806140
60810890
60812370
60820446
60840800
60844831
60857991
60863015
60895155
60958432
60963515
60964407
60971520
60988231
61021242
61039599
61048954
61056557
61066386
61074810
61093014
61111690
61122196
61124303
61127517
61138534
61139343
61177093
61179581
61192945
61198619
61205820
61209491
61218777
61249454
61253914
61253993
61265705
61268597
61278649
61280803
61281688
61297831
61335411
61399203
61470783
61501698
61545979
61552204
61622649
61633101
61656239
61658050
61665847
61685409
61698815
61757742
61787781
61825673
61864672
61922145
61922168
61943854
62014104
62043189
62098185
62137742
62169827
62210712
62212491
62242456
62257624
62268575
62348492
62371633
62407175
62440606
62551312
62564131
62681024
62745597
62751116
62768309
62771408
62843177
62914609
62949346
63054907
63249308
63256287
63279368
63301169
63341355
63400064
63407013
63416868
63480269
70019974
70023694
70026559
70029703
70040446
70066403
70069773
70092681
70097485
70098216
70113511
70126861
70129172
70133528
70137294
70141212
70142223
70146935
70159059
70168256
70170900
70172167
70182067
70186809
70188827
70198549
70201140
70201867
70201876
70228025
70234375
70244884
70250023
70264842
70268635
70271906
70281498
70285569
70289035
70306761
70313564
70321046
70323502
70326741
70329356
70330493
70332395
70333861
70338853
70346729
70352817
70354695
70363263
70364128
70366976
70371842
70372977
70380910
70393147
70402752
70406208
70407271
70415125
70422005
70432028
70441619
70451294
70454088
70455864
70469186
70469672
70472228
70504549
70507417
70512776
70514873
70519188
70520688
70539896
70540030
70547547
70551975
70563476
70571405
70574556
70575911
70576075
70579413
70579422
70579735
70579917
70580329
70581426
70604517
70606063
70614659
70617416
70618416
70620207
70627858
70659266
70659267
70665162
70672448
70676456
70683848
70708452
70741259
70747573
70756612
70763555
70763884
70767397
70770163
70772864
70773743
70774830
70775174
70777239
70780741
70784698
70784961
70789631
70797137
70798572
70801111
70811775
70819450
70823345
70825637
70831964
70837670
70843919
70844044
70852848
70856142
70856155
70857044
70869469
70899793
70904419
70905863
70937876
70938522
70940041
70942969
70957237
70979504
70983469
70988845
70990132
70992203
71006815
71010175
71016788
71021597
71025519
71029673
71042460
71058973
71059395
71064770
71077727
71081506
71091318
71097159
71103397
71104429
71122122
71132563
71135433
71139956
71140929
71142795
71156266
71158044
71181478
71183144
71199982
71200762
71201232
71202396
71214402
71214946
71222743
71225122
71232356
71248650
71251638
71262076
71269454
71284536
71291087
71294155
71300535
71309739
71310619
71310773
71317839
71319340
71326055
71329446
71331078
71337379
71347737
71373327
71376217
71376571
71377382
71385245
71389522
71404890
71408714
71415210
71428680
71429937
71430557
71432657
71433838
71439078
71441507
71449033
71449041
71464949
71469329
71479345
71489930
71503318
71504475
71504769
71505043
71508360
71508415
71509705
71512074
71513843
71513889
71514586
71517942
71520658
71522495
71548153
71563672
71570022
71574230
71584238
71600787
71607962
71607971
71608621
71613756
71615363
71619685
71620690
71631961
71632048
71639714
71656642
71658756
71660194
71672132
71675338
71695109
71696395
71697995
71699968
71703531
71717182
71728222
71736045
71740000
71740670
71749233
71752528
71752529
71754916
71767455
71772447
71786794
71786852
71786920
71788825
71791774
71796214
71798415
71801014
71813784
71818044
71819025
71828060
71828800
71829813
71835327
71840225
71840547
71842031
71843767
71846634
71852279
71854334
71861641
71865194
71868850
71881604
71896663
71897551
71901044
71904632
71905673
71907781
71907833
71907845
71912650
71914723
71914867
71919708
71920842
71928716
71959648
71961042
71976561
71977435
71978988
71982614
71984338
71985296
71997203
72000232
72007749
72010151
72014948
72015964
72018434
72018764
72032976
72061773
72077126
72086509
72086776
72094798
72101980
72103843
72106575
72110375
72111413
72114570
72126571
72131873
72137328
72150013
72153018
72154612
72156989
72158624
72162144
72165140
72167588
72171163
72171238
72171821
72180131
72183298
72184578
72196825
72212198
72220457
72221907
72222014
72234832
72244100
72244700
72246409
72255327
72256781
72259686
72262068
72270588
72278019
72280555
72293745
72295249
72301056
72304291
72307110
72308555
72309225
72321820
72325912
72368647
72373050
72375766
72379193
72383637
72395025
72395865
72396160
72400532
72409238
72414142
72419599
72425584
72438185
72441599
72446017
72453366
72454477
72465054
72465977
72467007
72468168
72477090
72477418
72477928
72482911
72489516
72496421
72501183
72509602
72516632
72519213
72524038
72525888
72527762
72532988
72537989
72546271
72552182
72560416
72573940
72576844
72579558
72580433
72580434
72604442
72611368
72611416
72615031
72615456
72615511
72626179
72629061
72631690
72633268
72636286
72636483
72637607
72649194
72655507
72658216
72671756
72681706
72686482
72702201
72723764
72736403
72746203
72751371
72751877
72759940
72761161
72762075
72764573
72781141
72788397
72797677
72805661
72807681
72849643
72858460
72862764
72870896
72887430
72888454
72890586
72895461
72899387
72901987
72903286
72904452
72910851
72911344
72915204
72915772
72920990
72926233
72933003
72939066
72948466
72949843
72958290
72961492
72997385
73022599
73031192
73035613
73038708
73044570
73053608
73064710
73064772
73073704
73081361
73084087
73088102
73108770
73114560
73122456
73123833
73130121
73134865
73135206
73140290
73143155
73147846
73149852
73150221
73153448
73170135
73172021
73176025
73181389
73186953
73194768
73198229
73212180
73220404
73222154
73228671
73231262
73232666
73233687
73234923
73239207
73244627
73258402
73260056
73262612
73265490
73275597
73276412
73277207
73300413
73300415
73312238
73320504
73326851
73337979
73347525
73350457
73357093
73357341
73363406
73367662
73368578
73372393
73379558
73381259
73384480
73388267
73392402
73417933
73420679
73424241
73429658
73446910
73448758
73449052
73449955
73452061
73457319
73460925
73461105
73461357
73469812
73483879
73484768
73489575
73490461
73497617
73500443
73503767
73506233
73507202
73508499
73531010
73531932
73532672
73537224
73541891
73543786
73545184
73572596
73582623
73583544
73585114
73585680
73588616
73590286
73602817
73606306
73609858
73615347
73619702
73623428
73627190
73629720
73636946
73639035
73653579
73659353
73660367
73661323
73665781
73669283
73680130
73685669
73691458
73692684
73694396
73697304
73703319
73737197
73737571
73739859
73741790
73747756
73748534
73750014
73761741
73765468
73767786
73771853
73779532
73779547
73786515
73793788
73795695
73799029
73801707
73807247
73816820
73854213
73860164
73861972
73867020
73867915
73869552
73870754
73871799
73874967
73882032
73887536
73889372
73891667
73895237
73930313
73931904
73932412
73933396
73937357
73943872
73943904
73944229
73944637
73950412
73952625
73960667
73970895
73971527
73975739
73978742
73979675
73980206
73984669
73989341
73992778
73999289
74020060
74028757
74031808
74037465
74037651
74040830
74051037
74057726
74063591
74063930
74070893
74076579
74091974
74092854
74096668
74122332
74129218
74130226
74142778
74147568
74149896
74152416
74152417
74153607
74154125
74156361
74157732
74168052
74176731
74204435
74210901
74240644
74241331
74241422
74245000
74256113
74286990
74289982
74304435
74311840
74313080
74316874
74322713
74324232
74324914
74325653
74335307
74351094
74360759
74363429
74365050
74367024
74377116
74379652
74384804
74385423
74390794
74398724
74404488
74409590
74418298
74421640
74430410
74432813
74433053
74435376
74443452
74445659
74446664
74448571
74471925
74476867
74478106
74481501
74484793
74485836
74489530
74526830
74534865
74534888
74534958
74536843
74536991
74546298
74550520
74551273
74552469
74553998
74568556
74575585
74575984
74589406
74590885
74595623
74600029
74602054
74606746
74616012
74618385
74618981
74628736
74632247
74643010
74649498
74651146
74656896
74690705
74699226
74711102
74716015
74718937
74720945
74721836
74730040
74736869
74741335
74743822
74746264
74747257
74747317
74753182
74756241
74758232
74764137
74802392
74812028
74814440
74821005
74851651
74863372
74867636
74872361
74916238
74927544
74935712
74944146
74950001
74954762
74955032
74955654
75003427
75005542
75007596
75024059
75047326
75049875
75050164
75057059
75057080
75060750
75064556
75068444
75076220
75084944
75099879
75102072
75102462
75105086
75111725
75150686
75151613
75153726
75177922
75178112
75181847
75186846
75190456
75199218
75203142
75214888
75215701
75220594
75229010
75231488
75245164
75245730
75250126
75250549
75259941
75261435
75282426
75287285
75287667
75311474
75312415
75314492
75317225
75332978
75336299
75338318
75339321
75352034
75353176
75361354
75362833
75366367
75383048
75389181
75389300
75389388
75392796
75395170
75398515
75438060
75446733
75464280
75465650
75474908
75478188
75481903
75493506
75493594
75497022
75504022
75507019
75511754
75514871
75519961
75520278
75523520
75529473
75534121
75549694
75552873
75558419
75559111
75565207
75584547
75585232
75585463
75587949
75588147
75599373
75602051
75609724
75613015
75614452
75620596
75624450
75626005
75627273
75629591
75649425
75679529
75682172
75700017
75710132
75715668
75717310
75718707
75721564
75724596
75731754
75731868
75732425
75735983
75739183
75740426
75767279
75770834
75772255
75782822
75790113
75794869
75799307
75804382
75807251
75810872
75816154
75816386
75818555
75819086
75831228
75831329
75835259
75844873
75857497
75862144
75867156
75873013
75879383
75896982
75907154
75907395
75908554
75911304
75916096
75923229
75931505
75941849
75944345
75951157
75962052
75967198
75971710
75976522
75977056
75992265
76001121
76001916
76005222
76009140
76010449
76012424
76014398
76020474
76020541
76026640
76027947
76027952
76028131
76031631
76033695
76040702
76059835
76064105
76066152
76066872
76067349
76072042
76074823
76078179
76081167
76084552
76092100
76095030
76095524
76123034
76126046
76127447
76128874
76129999
76130486
76140791
76143927
76161813
76167549
76180329
76194798
76195743
76197751
76204497
76205895
76207792
76215093
76215809
76216271
76225620
76227009
76241419
76246012
76256766
76259330
76296002
76297208
76302857
76307434
76310201
76316653
76328554
76335709
76346223
76360055
76365521
76366569
76370438
76374035
76375023
76382110
76388715
76389564
76399914
76401162
76401596
76415976
76420677
76422729
76422791
76427824
76428674
76445647
76449546
76452793
76457346
76457369
76466131
76480485
76512647
76520184
76528966
76529367
76535905
76547200
76550092
76555673
76557341
76558719
76566699
76567246
76572070
76576418
76590783
76592919
76594495
76595880
76597267
76597918
76600798
76602908
76603777
76609723
76645219
76648938
76650436
76655182
76656819
76657243
76658655
76658824
76660927
76668051
76678089
76678332
76682021
76685622
76687486
76692819
76698953
76698991
76699181
76710872
76726149
76729912
76731184
76747103
76747913
76752584
76754023
76763742
76766613
76771647
76772396
76798536
76798870
76800709
76800935
76808268
76814334
76816479
76829146
76830519
76837203
76838030
76840654
76851564
76852657
76856260
76858085
76872738
76875188
76877277
76878243
76901647
76903446
76903723
76904782
76905357
76906915
76907381
76908256
76915470
76919893
76923180
76925331
76928903
76933647
76934490
76942577
76949578
76950799
76952994
76954158
76959581
76962218
76962411
76980165
76984668
77016804
77018155
77025898
77027726
77032061
77036410
77052688
77060271
77067434
77072730
77073165
77076142
77077882
77079186
77081793
77082209
77082544
77098010
77100245
77100579
77102898
77102978
77131735
77136640
77151028
77151761
77164340
77165173
77171797
77180030
77202638
77202883
77212012
77213317
77215587
77217178
77225317
77228779
77234251
77235472
77240389
77246691
77247129
77276203
77283156
77294726
77320291
77322621
77337106
77339722
77343573
77344734
77345633
77346259
77381899
77416932
77439252
77439718
77462103
77469568
77496736
77498486
77505117
77507706
77530378
77545799
77565831
77568112
77670264
77674391
77697227
77699844
77793362
77803162
77808903
77816572
77884470
77907635
77916036
77922474
78009306
78019472
78042021
78107752
78109255
78200574
78201162
78202571
78375362
78462810
78550098
78717390
78888393
79134735
79396358
79462806
80002207
80004561
80010914
80011054
80016324
80037239
80037762
80042357
80043616
80043738
80044589
80061557
80073145
80095468
80098727
80100319
80126923
80132092
80156117
80168407
80172654
80175528
80175865
80189618
80197365
80210019
80211780
80220281
80222792
80238442
80253616
80255295
80257092
80266387
80266885
80310595
80324844
80325357
80330725
80353178
80356601
80386320
80398510
80418869
80422827
80434678
80456472
80461995
80471063
80477905
80497714
80505612
80510730
80511370
80522568
80538650
80554369
80593426
80598910
80633742
80640885
80680383
81457521
81705620
81843840
90162447
90668333
92816423
